$ANSIBLE_VAULT;1.1;AES256
34613334386265333366346331353562343765663533346338366333633464643965323061316334
3739316133373032313936663836376162326266353763340a613230383562636232373832343264
64653661386238323936646635316134356434616338626266343261396364333366393730383161
3539303461356437370a326634373562333030396261316639633039303064623931383537306464
31343238643763333536356133386439343665333832343039313139376365383161376232376433
31306162656134313564393730386165373466646361626262356562363136643739343065393961
62663431663661636431366461346137633565366263626135376435366230343535663539333361
66376238646636646135306231373466633661356535626134396563316363626532663735636639
61366436383236326133316264356563633735616166383430333330353639333531306537303363
31303637643538613531363763636466313062303566616633346166613537386132623334313366
35383834646664663364656361613832323063316362633862353730613839393434376135346236
31636566656237643137623064636664316638626462623233373639633133373463353866663134
64373837393561613661306435383731363665663134356531313931376564363137653563353461
65393263376536386233373733646436383064363665353466613066616635353539343062393732
62626262646637646166643739616135633137363732666635346363306638616661653739363138
62353164373562323964343166356433623732646230643939343332613361633630316464383637
63636439633066326337313932366365333839393733613538363165373465613037663366643664
32383363306264653462346539323230343162613039333663336236373533613535666331356664
38356435663235393661666563376563306266643761643338323632313331346230383761643535
61653936316636636431653036636561613638386239386635396162623132663939653563653834
61366264643261356336633935633435373636666264333662623662376138333335613264346133
66353533636337633731636234353537323734373436346662346139336230653863376561336366
32373464393666353764626537633237366238326261353530356634626463633563393561646631
30313265646337643762623165333164363232633962663437666235333630363431336563363436
37643461376364613335313164613834366162633364366134383437623365356334653737353066
30626666343837336565653166633532333236653939363266323835356133393233373436613664
61646433353263306137636239663961326162306537303631353064366533613064323535643635
32643031303164386465396462643634343330353233663265666530363630623530373430396661
39386631646138313832663762303862313632396335626336396465343635353762666262633233
64373832643937396263383663346562373537356530653938323330373962343063636531613838
32303631653263353930363265373130333234303530363763313261633639376430653065353636
39383638633432376130646666333533323764623461633633343736386366633633636135626131
66646665616230616162316338343064376165326637313138616335613134383332
